              precision    recall  f1-score   support

           1       0.36      0.67      0.47         6
           2       0.86      1.00      0.92         6
           3       0.83      0.83      0.83         6
           4       0.83      0.83      0.83         6
           5       1.00      0.67      0.80         6
           6       0.83      0.83      0.83         6
           7       0.56      0.83      0.67         6
           8       0.83      0.83      0.83         6
           9       0.40      0.33      0.36         6
          10       1.00      0.33      0.50         6
          11       0.83      0.83      0.83         6
          12       0.50      0.83      0.62         6
          13       0.71      0.83      0.77         6
          14       0.50      0.50      0.50         6
          15       0.86      1.00      0.92         6
          16       1.00      0.67      0.80         6
          17       0.00      0.00      0.00         6
          18       0.80      0.67      0.73         6
          19       0.86      1.00      0.92         6
          20       0.50      0.50      0.50         6
          21       0.60      0.50      0.55         6
          22       0.83      0.83      0.83         6
          23       0.83      0.83      0.83         6
          24       1.00      0.67      0.80         6
          25       0.80      0.67      0.73         6
          26       1.00      1.00      1.00         6

    accuracy                           0.71       156
   macro avg       0.74      0.71      0.71       156
weighted avg       0.74      0.71      0.71       156
